8
0 1 1 0
0
1
1 2 0 0 255 255 8 1280 76800
1 0 5 1250
0
0
2 0 1 0
0
0
3 0 1 5
0
0
4 1 1 0
0
1
1 2 0 0 255 255 8 0 7680
5 0 1 5
0
0
6 0 1 0
1
3 3 0 0 255 255 8 0 0
0
7 1 1 0
0
1
0 0 4 4 48 48 2 0 0
2 0 0
14 192 0
4 0 1
3
0
1
6 1 0
2 0 0
2 0 0
4 0 1
0
1
3
0
-1
-1
4 11 1
0
0
1
7 1 0
-1
-1
6 33 1
0
1
2
0
-1
-1
-1
4 15 1
0
0
1
4 1 0
-1
-1
3 7 0
2 1 0
13 3584 1
0
1
5
0
-1
-1
3 7 0
18 249 1
0
1
1
0
-1
-1
2 2 1
0
0
1
0 1 0
-1
-1
1 1 0
22 786699 1
0
0
1
7 2 1
0
-1
-1
22 4124928 1
2
0
2
0 2 1
0
4 2 1
0
-1
-1